// MilkShape 3D ASCII

Frames: 300
Frame: 1

Meshes: 3
"bucoCanna" 0 1
9
1 0.240005 36.720123 35.226318 0.955511 0.702422 -1
1 -0.759986 36.720123 35.226318 0.756169 0.702422 -1
1 -0.052887 36.013016 35.226318 0.897125 0.844680 -1
1 -0.759986 35.720123 35.226318 0.756169 0.903604 -1
1 -1.467093 36.013016 35.226318 0.615213 0.844680 -1
1 -1.759986 36.720123 35.226318 0.556828 0.702422 -1
1 -1.467093 37.427231 35.226318 0.615213 0.560166 -1
1 -0.759986 37.720123 35.226318 0.756169 0.501241 -1
1 -0.052887 37.427231 35.226318 0.897125 0.560166 -1
1
0.000000 0.000000 1.000000
8
1 0 1 2 0 0 0 2
1 2 1 3 0 0 0 2
1 3 1 4 0 0 0 2
1 4 1 5 0 0 0 2
1 5 1 6 0 0 0 2
1 6 1 7 0 0 0 2
1 7 1 8 0 0 0 2
1 8 1 0 0 0 0 2
"mirino" 0 1
9
1 0.674805 41.129211 4.996815 0.535158 0.704717 -1
1 -0.759986 41.129211 4.996815 0.289560 0.704717 -1
1 0.254561 39.978836 4.996815 0.463225 0.880787 -1
1 -0.759986 39.502319 4.996815 0.289560 0.953717 -1
1 -1.774535 39.978836 4.996815 0.115895 0.880787 -1
1 -2.194786 41.129211 4.996815 0.043961 0.704717 -1
1 -1.774535 42.279602 4.996815 0.115895 0.528648 -1
1 -0.759986 42.756104 4.996815 0.289560 0.455718 -1
1 0.254561 42.279602 4.996815 0.463225 0.528648 -1
1
0.000000 0.000000 1.000000
8
1 0 1 2 0 0 0 2
1 2 1 3 0 0 0 2
1 3 1 4 0 0 0 2
1 4 1 5 0 0 0 2
1 5 1 6 0 0 0 2
1 6 1 7 0 0 0 2
1 7 1 8 0 0 0 2
1 8 1 0 0 0 0 2
"mp44" 0 1
280
1 -1.680030 21.198853 3.460133 0.488389 0.388944 -1
1 -1.680030 22.894531 9.025322 0.579232 0.360556 -1
1 -1.680030 25.111938 8.329639 0.567876 0.323435 -1
1 -1.680030 23.372803 2.677418 0.475613 0.352550 -1
1 -1.680030 26.894531 8.025318 0.562909 0.293593 -1
1 -1.680030 25.720581 2.068775 0.465677 0.313246 -1
1 -1.680030 28.764046 7.807911 0.559360 0.262296 -1
1 -1.680030 27.894531 1.720875 0.459998 0.276852 -1
1 -1.680030 31.459709 7.894825 0.560779 0.217168 -1
1 -1.680030 30.329338 1.590504 0.457870 0.236091 -1
1 -2.499992 31.937981 8.677422 0.573553 0.209161 -1
1 -1.680030 31.155388 1.286182 0.452902 0.222262 -1
1 -2.499992 31.937981 1.633961 0.458580 0.209161 -1
1 -2.499992 33.135147 8.935448 0.579942 0.173495 -1
1 -2.499992 32.807610 1.416553 0.455031 0.194603 -1
1 -2.499992 38.546631 9.807907 0.592007 0.098526 -1
1 -2.499992 38.981445 9.807907 0.592007 0.091247 -1
1 -2.499992 39.111938 8.112232 0.564327 0.089063 -1
1 -1.680030 30.677116 -1.626904 0.405351 0.230269 -1
1 -1.680030 31.198845 -0.235546 0.428063 0.221535 -1
1 -2.499992 32.024902 -0.322582 0.426642 0.207706 -1
1 -1.680030 31.242302 -0.844311 0.418125 0.220807 -1
1 -1.680030 31.416252 -1.539867 0.406771 0.217895 -1
1 -2.499992 32.068481 -1.018139 0.415288 0.206976 -1
1 -2.499992 32.807610 0.329639 0.437288 0.194603 -1
1 -2.499992 32.720573 -0.931225 0.416707 0.196060 -1
1 -1.680030 30.198845 -1.626904 0.405351 0.238276 -1
1 -1.680030 31.894524 -5.626904 0.340057 0.209889 -1
1 -1.680030 29.720573 -2.279125 0.394704 0.246283 -1
1 -1.680030 29.068481 -2.322582 0.393995 0.257199 -1
1 -1.680030 28.807625 -2.452953 0.391867 0.261566 -1
1 -1.680030 28.372810 -2.974682 0.383350 0.268845 -1
1 -1.680030 26.503174 -3.844311 0.369155 0.300145 -1
1 -1.493064 25.372803 -9.018139 0.284700 0.319068 -1
1 -1.680030 25.981445 -3.670361 0.371994 0.308879 -1
1 -1.680030 25.068481 -3.757275 0.370576 0.324163 -1
1 -1.680030 24.590210 -4.279125 0.362057 0.332170 -1
1 -1.493064 24.894531 -8.844311 0.287538 0.327075 -1
1 -2.499992 32.242310 -1.452953 0.408190 0.204067 -1
1 -2.499992 32.285767 -5.844311 0.336508 0.203339 -1
1 -2.499992 32.677116 -5.713818 0.338638 0.196787 -1
1 -2.499992 33.329346 -5.757275 0.337929 0.185869 -1
1 -2.499992 33.764038 -6.018139 0.333671 0.178591 -1
1 -2.499992 39.372803 8.068775 0.563618 0.084696 -1
1 -2.499992 39.155396 5.503590 0.521745 0.088335 -1
1 -2.499992 39.459717 5.547047 0.522455 0.083241 -1
1 -2.499992 39.242310 4.025318 0.497615 0.086880 -1
1 -2.499992 39.329346 -2.105175 0.397544 0.085423 -1
1 -2.499992 39.416260 -3.974682 0.367027 0.083968 -1
1 -2.499992 40.111938 -5.018139 0.349994 0.072322 -1
1 -2.499992 33.807617 -6.583447 0.324443 0.177862 -1
1 -2.499992 40.329346 -5.887768 0.335799 0.068682 -1
1 -2.499992 39.633667 -6.496410 0.325863 0.080329 -1
1 -2.499992 38.416260 -6.626904 0.323734 0.100709 -1
1 -2.499992 37.894531 -7.279125 0.313087 0.109443 -1
1 -2.499992 33.459717 -6.974682 0.318056 0.183686 -1
1 -2.499992 33.590210 -8.452953 0.293926 0.181501 -1
1 -2.499992 33.894531 -8.713818 0.289668 0.176407 -1
1 -2.499992 34.894531 -8.670361 0.290377 0.159666 -1
1 -2.499992 37.851074 -8.713818 0.289668 0.110171 -1
1 -1.554336 34.981445 -8.887768 0.286828 0.158211 -1
1 -1.554336 34.981445 -10.322582 0.263407 0.158211 -1
1 -1.554336 38.111938 -10.235546 0.264828 0.105803 -1
1 -1.554336 35.285767 -10.844311 0.254891 0.153116 -1
1 -1.554336 35.242310 -17.409496 0.147724 0.153844 -1
1 -1.554336 37.894531 -11.279125 0.247793 0.109443 -1
1 -1.554336 38.503174 -11.279125 0.247793 0.099254 -1
1 -1.554336 37.937988 -24.148632 0.037718 0.108716 -1
1 -1.554336 34.981445 -18.148632 0.135659 0.158211 -1
1 -1.554336 31.242302 -23.757275 0.044106 0.220807 -1
1 -1.554336 30.198845 -24.931223 0.024943 0.238276 -1
1 -1.554336 38.503174 -25.496408 0.015718 0.099254 -1
1 -1.554336 30.111931 -25.626902 0.013587 0.239731 -1
1 -1.554336 38.459717 -26.148630 0.005071 0.099982 -1
1 -1.554336 34.111938 -25.887766 0.009329 0.172767 -1
1 -1.554336 30.677116 -26.018137 0.007201 0.230269 -1
1 0.180045 21.198860 3.460072 0.488388 0.388943 -1
1 0.180045 22.894512 9.025291 0.579232 0.360557 -1
1 0.180045 25.111908 8.329632 0.567876 0.323436 -1
1 0.180045 23.372772 2.677464 0.475613 0.352550 -1
1 0.180045 26.894508 8.025288 0.562908 0.293593 -1
1 0.180045 25.720604 2.068768 0.465677 0.313246 -1
1 0.180045 28.764076 7.807896 0.559359 0.262295 -1
1 0.180045 27.894508 1.720936 0.459999 0.276852 -1
1 0.180045 31.459724 7.894848 0.560779 0.217168 -1
1 0.180045 30.329277 1.590504 0.457870 0.236092 -1
1 1.000009 31.937981 8.677467 0.573554 0.209161 -1
1 1.000009 31.937981 1.633984 0.458580 0.209161 -1
1 0.180045 31.155373 1.286152 0.452902 0.222263 -1
1 1.000009 33.135086 8.935440 0.579942 0.173496 -1
1 1.000009 32.807549 1.416592 0.455031 0.194604 -1
1 1.000009 38.546677 9.807892 0.592006 0.098526 -1
1 1.000009 38.981461 9.807892 0.592006 0.091247 -1
1 1.000009 39.111908 8.112240 0.564327 0.089063 -1
1 0.180045 30.677116 -1.626888 0.405351 0.230269 -1
1 0.180045 31.198845 -0.235584 0.428062 0.221535 -1
1 1.000009 32.024948 -0.322536 0.426643 0.207705 -1
1 0.180045 31.242332 -0.844280 0.418126 0.220807 -1
1 0.180045 31.416237 -1.539928 0.406770 0.217895 -1
1 1.000009 32.068420 -1.018192 0.415287 0.206977 -1
1 1.000009 32.807549 0.329632 0.437288 0.194604 -1
1 1.000009 32.720589 -0.931232 0.416707 0.196059 -1
1 0.180045 30.198845 -1.626888 0.405351 0.238276 -1
1 0.180045 29.720589 -2.279064 0.394705 0.246282 -1
1 0.180045 29.068420 -2.322536 0.393996 0.257200 -1
1 0.180045 28.807564 -2.452976 0.391866 0.261567 -1
1 0.180045 28.372780 -2.974712 0.383350 0.268846 -1
1 0.180045 26.503212 -3.844280 0.369156 0.300144 -1
1 0.180045 31.894508 -5.626888 0.340057 0.209889 -1
1 -0.006920 25.372772 -9.018192 0.284699 0.319069 -1
1 0.180045 25.981468 -3.670368 0.371994 0.308878 -1
1 0.180045 25.068420 -3.757320 0.370575 0.324164 -1
1 0.180045 24.590164 -4.279064 0.362058 0.332170 -1
1 -0.006920 24.894512 -8.844280 0.287538 0.327075 -1
1 1.000009 32.242340 -1.452976 0.408190 0.204066 -1
1 1.000009 32.285812 -5.844280 0.336508 0.203338 -1
1 1.000009 32.677116 -5.713848 0.338638 0.196787 -1
1 1.000009 33.329285 -5.757320 0.337928 0.185869 -1
1 1.000009 33.764069 -6.018192 0.333670 0.178591 -1
1 1.000009 39.372772 8.068768 0.563618 0.084696 -1
1 1.000009 39.459732 5.547024 0.522454 0.083240 -1
1 1.000009 39.155380 5.503544 0.521745 0.088335 -1
1 1.000009 39.242340 4.025288 0.497614 0.086880 -1
1 -0.040115 39.981461 3.938328 0.496195 0.074506 -1
1 -1.459861 39.981445 3.938282 0.496194 0.074506 -1
1 1.000009 39.329285 -2.105152 0.397544 0.085424 -1
1 1.000009 39.416245 -3.974712 0.367026 0.083968 -1
1 1.000009 40.111908 -5.018192 0.349993 0.072322 -1
1 1.000009 33.807556 -6.583408 0.324444 0.177863 -1
1 1.000009 40.329285 -5.887760 0.335799 0.068683 -1
1 1.000009 39.633636 -6.496456 0.325863 0.080329 -1
1 1.000009 38.416245 -6.626888 0.323734 0.100709 -1
1 1.000009 37.894516 -7.279064 0.313088 0.109444 -1
1 1.000009 33.459732 -6.974712 0.318056 0.183686 -1
1 1.000009 33.590164 -8.452976 0.293926 0.181502 -1
1 1.000009 33.894516 -8.713848 0.289667 0.176407 -1
1 1.000009 34.894516 -8.670368 0.290377 0.159666 -1
1 1.000009 37.851028 -8.713848 0.289667 0.110171 -1
1 0.054351 34.981461 -8.887760 0.286828 0.158210 -1
1 0.054351 34.981461 -10.322536 0.263408 0.158210 -1
1 0.054351 38.111908 -10.235584 0.264827 0.105804 -1
1 0.054351 35.285812 -10.844280 0.254891 0.153116 -1
1 0.054351 35.242340 -17.409496 0.147724 0.153843 -1
1 0.054351 38.503204 -11.279064 0.247794 0.099253 -1
1 0.054351 37.894516 -11.279064 0.247794 0.109444 -1
1 0.054351 37.937988 -24.148624 0.037718 0.108716 -1
1 0.054351 34.981461 -18.148624 0.135659 0.158210 -1
1 0.054351 31.242332 -23.757320 0.044106 0.220807 -1
1 0.054351 30.198845 -24.931238 0.024943 0.238276 -1
1 0.054351 38.503204 -25.496454 0.015717 0.099253 -1
1 0.054351 30.111885 -25.626886 0.013588 0.239731 -1
1 0.054351 38.459732 -26.148623 0.005071 0.099981 -1
1 0.054351 34.111893 -25.887758 0.009329 0.172768 -1
1 0.054351 30.677116 -26.018190 0.007200 0.230269 -1
1 -1.459861 39.947418 -2.084614 0.397879 0.075076 -1
1 -0.166656 39.943924 -2.064732 0.398204 0.075135 -1
1 -2.131721 37.575302 22.831772 0.804601 0.114787 -1
1 -1.838386 34.577118 22.786316 0.803859 0.159399 -1
1 0.567222 37.575302 22.831772 0.804601 0.114787 -1
1 0.273887 34.577118 22.786316 0.803859 0.159399 -1
1 0.567222 37.575302 8.885361 0.576947 0.114787 -1
1 0.567222 33.158936 8.752029 0.576947 0.173096 -1
1 -2.131721 37.575302 8.885361 0.576947 0.114787 -1
1 -2.131721 33.158936 8.752029 0.576947 0.173096 -1
1 -0.170944 37.674713 9.515198 0.587229 0.113123 -1
1 -0.455032 37.175812 9.515198 0.587229 0.121475 -1
1 -0.739120 37.674713 9.515198 0.587229 0.113123 -1
1 -0.170944 37.674713 28.440094 0.896149 0.113123 -1
1 -0.739120 37.674713 28.440094 0.896149 0.113123 -1
1 -0.455032 37.175812 28.440094 0.896149 0.121475 -1
1 -1.023208 37.175812 9.515198 0.587229 0.121475 -1
1 -1.023208 37.175812 28.440094 0.896149 0.121475 -1
1 -1.307296 37.674713 9.515198 0.587229 0.113123 -1
1 -1.307296 37.674713 28.440094 0.896149 0.113123 -1
1 -1.023208 38.173599 9.515198 0.587229 0.104771 -1
1 -1.023208 38.173599 28.440094 0.896149 0.104771 -1
1 -0.455032 38.173599 9.515198 0.587229 0.104771 -1
1 -0.455032 38.173599 28.440094 0.896149 0.104771 -1
1 -0.817786 39.528351 26.188049 0.859387 0.082092 -1
1 -1.121963 38.139206 26.430527 0.863346 0.105347 -1
1 -0.706000 39.528351 26.188049 0.859387 0.082092 -1
1 -0.401825 38.139206 26.430527 0.863346 0.105347 -1
1 -0.706000 39.528351 25.536636 0.848754 0.082092 -1
1 -0.401825 38.139206 25.294159 0.844796 0.105347 -1
1 -0.817786 39.528351 25.536636 0.848754 0.082092 -1
1 -1.121963 38.139206 25.294159 0.844796 0.105347 -1
1 0.472739 36.578735 22.743698 0.803163 0.131471 -1
1 0.099959 35.678772 22.743698 0.803163 0.146537 -1
1 -0.799987 36.578735 22.743698 0.803163 0.131471 -1
1 0.472739 36.578735 26.834595 0.869941 0.131471 -1
1 -0.799987 36.578735 26.834595 0.869941 0.131471 -1
1 0.099959 35.678772 26.834595 0.869941 0.146537 -1
1 -0.799987 35.306000 22.743698 0.803163 0.152777 -1
1 -0.799987 35.306000 26.834595 0.869941 0.152777 -1
1 -1.699943 35.678772 22.743698 0.803163 0.146537 -1
1 -1.699943 35.678772 26.834595 0.869941 0.146537 -1
1 -2.072723 36.578735 22.743698 0.803163 0.131471 -1
1 -2.072723 36.578735 26.834595 0.869941 0.131471 -1
1 -1.699943 37.478683 22.743698 0.803163 0.116405 -1
1 -1.699943 37.478683 26.834595 0.869941 0.116405 -1
1 -0.799987 37.851456 22.743698 0.803163 0.110164 -1
1 -0.799987 37.851456 26.834595 0.869941 0.110164 -1
1 0.099959 37.478683 22.743698 0.803163 0.116405 -1
1 0.099959 37.478683 26.834595 0.869941 0.116405 -1
1 -0.231812 36.720154 26.826721 0.869813 0.129103 -1
1 -0.398224 36.318390 26.826721 0.869813 0.135829 -1
1 -0.799987 36.720154 26.826721 0.869813 0.129103 -1
1 -0.231812 36.720154 30.718567 0.933342 0.129103 -1
1 -0.799987 36.720154 30.718567 0.933342 0.129103 -1
1 -0.398224 36.318390 30.718567 0.933342 0.135829 -1
1 -0.799987 36.151978 26.826721 0.869813 0.138615 -1
1 -0.799987 36.151978 30.718567 0.933342 0.138615 -1
1 -1.201751 36.318390 26.826721 0.869813 0.135829 -1
1 -1.201751 36.318390 30.718567 0.933342 0.135829 -1
1 -1.368171 36.720154 26.826721 0.869813 0.129103 -1
1 -1.368171 36.720154 30.718567 0.933342 0.129103 -1
1 -1.201751 37.121918 26.826721 0.869813 0.122377 -1
1 -1.201751 37.121918 30.718567 0.933342 0.122377 -1
1 -0.799987 37.288330 26.826721 0.869813 0.119591 -1
1 -0.799987 37.288330 30.718567 0.933342 0.119591 -1
1 -0.398224 37.121918 26.826721 0.869813 0.122377 -1
1 -0.398224 37.121918 30.718567 0.933342 0.122377 -1
1 0.240005 36.720123 30.498993 0.929757 0.129104 -1
1 -0.052887 36.013016 30.498993 0.929757 0.140941 -1
1 -0.759986 36.720123 30.498993 0.929757 0.129104 -1
1 0.240005 36.720123 35.226318 1.006923 0.129104 -1
1 -0.052887 36.013016 35.226318 1.006923 0.140941 -1
1 -0.759986 35.720123 30.498993 0.929757 0.145845 -1
1 -0.759986 35.720123 35.226318 1.006923 0.145845 -1
1 -1.467093 36.013016 30.498993 0.929757 0.140941 -1
1 -1.467093 36.013016 35.226318 1.006923 0.140941 -1
1 -1.759986 36.720123 30.498993 0.929757 0.129104 -1
1 -1.759986 36.720123 35.226318 1.006923 0.129104 -1
1 -1.467093 37.427231 30.498993 0.929757 0.117266 -1
1 -1.467093 37.427231 35.226318 1.006923 0.117266 -1
1 -0.759986 37.720123 30.498993 0.929757 0.112363 -1
1 -0.759986 37.720123 35.226318 1.006923 0.112363 -1
1 -0.052887 37.427231 30.498993 0.929757 0.117266 -1
1 -0.052887 37.427231 35.226318 1.006923 0.117266 -1
1 0.674805 41.129211 -3.995129 0.366693 0.055292 -1
1 0.254561 39.978836 -3.995129 0.366693 0.074550 -1
1 -0.759986 41.129211 -3.995129 0.366693 0.055292 -1
1 0.674805 41.129211 4.996815 0.513473 0.055292 -1
1 0.254561 39.978836 4.996815 0.513473 0.074550 -1
1 -0.759986 39.502319 -3.995129 0.366693 0.082527 -1
1 -0.759986 39.502319 4.996815 0.513473 0.082527 -1
1 -1.774535 39.978836 -3.995129 0.366693 0.074550 -1
1 -1.774535 39.978836 4.996815 0.513473 0.074550 -1
1 -2.194786 41.129211 -3.995129 0.366693 0.055292 -1
1 -2.194786 41.129211 4.996815 0.513473 0.055292 -1
1 -1.774535 42.279602 -3.995129 0.366693 0.036033 -1
1 -1.774535 42.279602 4.996815 0.513473 0.036033 -1
1 -0.759986 42.756104 -3.995129 0.366693 0.028056 -1
1 -0.759986 42.756104 4.996815 0.513473 0.028056 -1
1 0.254561 42.279602 -3.995129 0.366693 0.036033 -1
1 0.254561 42.279602 4.996815 0.513473 0.036033 -1
1 -1.120460 43.765594 2.832409 0.478142 0.011156 -1
1 -1.403831 42.583786 3.289898 0.485610 0.030941 -1
1 -0.399521 43.765594 2.832409 0.478142 0.011156 -1
1 -0.116150 42.583786 3.289898 0.485610 0.030941 -1
1 -0.399521 43.758148 1.302959 0.453176 0.011281 -1
1 -0.116150 42.583786 0.893612 0.446494 0.030941 -1
1 -1.120460 43.758148 1.302959 0.453176 0.011281 -1
1 -1.403831 42.583786 0.893612 0.446494 0.030941 -1
1 -1.120460 43.393509 0.404308 0.438507 0.017385 -1
1 -1.403831 42.626053 0.689693 0.443166 0.030233 -1
1 -0.399521 43.393509 0.404308 0.438507 0.017385 -1
1 -0.116150 42.626053 0.689693 0.443166 0.030233 -1
1 -0.399521 43.370575 -0.522213 0.423383 0.017769 -1
1 -0.116150 42.626053 -0.819752 0.418526 0.030233 -1
1 -1.120460 43.370575 -0.522213 0.423383 0.017769 -1
1 -1.403831 42.626053 -0.819752 0.418526 0.030233 -1
1 -1.129004 43.256760 -1.537884 0.406804 0.019675 -1
1 -1.403831 42.668381 -1.248699 0.411524 0.029525 -1
1 -0.390984 43.256760 -1.537884 0.406804 0.019675 -1
1 -0.116150 42.668381 -1.248699 0.411524 0.029525 -1
1 -0.390984 43.121704 -2.164394 0.396577 0.021935 -1
1 -0.116150 42.668381 -2.661068 0.388470 0.029525 -1
1 -1.129004 43.121704 -2.164394 0.396577 0.021935 -1
1 -1.403831 42.668381 -2.661068 0.388470 0.029525 -1
300
-0.659410 -0.742462 -0.118017
-0.409368 -0.146512 0.900529
-0.707818 0.150042 0.690276
-0.707438 -0.218934 -0.672012
-0.707214 0.094131 0.700706
-0.707459 -0.155625 -0.689407
-0.707967 0.012047 0.706143
-0.707534 -0.087142 -0.701286
-0.720319 -0.542825 0.431835
-0.784011 -0.287776 -0.550011
-0.492734 -0.654957 0.572926
-0.964246 0.185787 -0.188980
-0.692599 -0.039569 -0.720237
-0.707214 -0.124711 0.695913
-0.898459 -0.266855 -0.348653
-0.555788 -0.044232 0.830146
-0.655582 0.653653 0.378087
-0.775677 0.342787 0.529927
-0.941995 -0.312177 0.123251
-0.799893 0.148608 0.581452
-0.561127 -0.602956 0.567082
-0.981272 0.091986 -0.169247
-0.783451 0.018200 0.621188
-0.651203 -0.237946 -0.720636
-0.945699 -0.312099 0.090815
-0.974212 -0.076777 -0.212171
-0.593255 -0.239203 0.768655
-0.949766 -0.122139 -0.288143
-0.587872 -0.493601 0.640909
-0.561475 -0.162837 0.811314
-0.562009 -0.467154 0.682578
-0.563039 -0.551255 0.615714
-0.736988 -0.135057 0.662274
-0.860859 -0.037873 -0.507432
-0.571074 0.151396 0.806817
-0.588485 -0.261238 0.765140
-0.590119 -0.723960 0.357270
-0.358291 -0.843667 -0.399818
-0.627290 -0.635248 0.450519
-0.416050 -0.453852 -0.787985
-0.713032 0.134540 -0.688102
-0.564362 -0.182725 -0.805051
-0.879557 -0.356414 -0.315197
-0.780000 0.562417 0.274383
-0.792444 0.564723 -0.230478
-0.394405 0.505693 -0.767281
-0.664210 0.527450 0.529737
-0.810768 0.585153 0.015871
-0.567325 0.755405 0.327881
-0.711725 0.657720 0.246682
-0.906844 -0.414331 0.077223
-0.607868 0.695139 -0.383769
-0.570872 0.248775 -0.782442
-0.581790 0.485321 -0.652674
-0.902507 0.418161 -0.103071
-0.583608 -0.726828 0.362109
-0.580748 -0.767471 -0.271514
-0.579264 -0.364406 -0.729151
-0.541395 -0.208495 -0.814507
-0.720005 0.633120 -0.284169
-0.308301 -0.837282 -0.451564
-0.644080 -0.727359 -0.236875
-0.858789 0.508672 0.061116
-0.566992 -0.773283 -0.283820
-0.803527 -0.591195 0.069517
-0.802166 0.534783 -0.265587
-0.466447 0.436782 -0.769187
-0.861378 0.490018 0.133827
-0.557339 -0.757443 0.340079
-0.555507 -0.669833 0.492683
-0.721348 -0.598035 0.349301
-0.806845 0.588542 0.051179
-0.753515 -0.641416 -0.144224
-0.407353 0.357658 -0.840324
-0.707486 0.003769 -0.706717
-0.329708 -0.362798 -0.871591
0.000001 -0.716636 -0.697447
0.000012 -0.724117 0.689678
0.000011 0.256180 0.966629
0.000012 -0.280472 -0.959862
0.000014 0.150741 0.988573
0.000009 -0.189182 -0.981942
0.000011 0.066419 0.997792
0.000020 -0.088427 -0.996083
-0.000001 -0.342152 0.939645
-0.000014 -0.859645 -0.510893
-0.000007 -0.688332 0.725396
0.000007 -0.027645 -0.999618
0.000001 0.709595 -0.704609
-0.000005 -0.193565 0.981087
-0.000012 -0.917798 -0.397048
0.000003 -0.106413 0.994322
0.000002 0.432814 0.901483
0.000002 0.884278 0.466960
-0.000007 -0.465067 0.885275
0.000013 0.894480 0.447108
0.000002 -0.154357 0.988015
-0.000011 0.309604 -0.950866
0.000012 0.778547 0.627587
-0.000012 0.019684 -0.999806
-0.000010 -0.829317 0.558779
0.000009 -0.965819 0.259218
-0.000010 -0.594278 0.804260
-0.000026 -0.341330 0.939944
-0.000023 -0.325954 0.945386
-0.000008 -0.673890 0.738832
-0.000000 -0.549014 0.835813
-0.000010 0.074960 0.997187
0.000011 -0.190002 -0.981784
-0.000019 0.209300 -0.977851
0.000009 0.043042 0.999073
-0.000009 -0.555829 0.831297
-0.000027 -0.980846 0.194783
-0.000015 -0.653696 -0.756758
0.000018 -0.334710 0.942321
0.000004 0.052922 -0.998599
-0.000011 0.062113 -0.998069
-0.000015 -0.374478 -0.927236
-0.000007 -0.927501 -0.373821
0.000005 0.551801 0.833976
-0.000001 0.918554 -0.395295
-0.000006 0.554783 -0.831995
0.000002 0.885221 0.465171
-0.000013 0.116925 0.993141
-0.468852 0.771361 0.430325
0.000017 0.998920 0.046463
0.000010 0.974800 0.223079
0.000012 0.889672 0.456601
-0.000010 -0.893524 0.449016
0.000016 0.994743 -0.102399
-0.000001 0.494883 -0.868960
-0.000000 0.355509 -0.934673
0.000009 0.894569 -0.446930
-0.000000 -0.984470 0.175551
-0.000013 -0.819572 -0.572976
-0.000007 -0.200371 -0.979720
0.000001 -0.721262 -0.692663
0.000011 0.999341 0.036291
0.000010 -0.992054 -0.125811
0.000023 -0.938028 -0.346560
0.000021 0.973049 0.230599
0.000028 -0.985639 -0.168866
0.000015 -0.973925 0.226870
0.000017 0.987587 -0.157072
0.000038 0.447817 -0.894125
0.000003 0.991056 0.133448
0.000015 -0.875031 0.484067
0.000024 -0.777287 0.629146
-0.000008 -0.948504 0.316765
-0.000010 0.970432 0.241375
-0.000025 -0.814005 -0.580858
-0.000011 0.863381 -0.504553
0.000005 -0.027308 -0.999627
-0.000019 -0.172276 -0.985049
-0.510764 0.859707 -0.004857
1.000000 0.000000 0.000000
0.969363 -0.245372 0.011300
0.933231 -0.359162 0.009075
0.803585 -0.594999 0.015035
0.965702 -0.259654 0.000000
0.967436 -0.252474 -0.018038
0.923383 -0.383021 -0.025647
0.861949 -0.505861 -0.033873
0.968039 -0.249098 -0.029150
0.967236 -0.253386 -0.015834
0.984707 -0.173706 -0.013390
0.999720 -0.007453 -0.022450
0.999366 0.000437 -0.035603
0.999397 -0.003928 -0.034493
0.999211 0.019897 -0.034360
0.999234 0.010592 -0.037672
0.999004 -0.015247 -0.041930
0.890593 -0.454075 -0.025693
0.845205 -0.534416 -0.005291
0.873388 0.487023 -0.001369
0.980947 0.194256 0.002755
0.915792 -0.005906 -0.401609
0.891875 -0.092263 -0.442771
0.751845 -0.209888 -0.625041
0.977467 -0.104158 -0.183599
0.994168 0.002994 -0.107803
0.524498 0.851408 -0.002394
0.580126 0.814342 -0.017321
-0.680120 0.643405 0.351377
-0.381693 -0.430926 0.817688
0.415028 0.363761 0.833924
0.634190 -0.668523 0.388432
0.677506 0.656160 -0.332324
0.430256 -0.402469 -0.808021
-0.404203 0.428598 -0.808037
-0.672361 -0.693509 -0.258798
0.655931 0.000004 -0.754821
0.435059 -0.748382 -0.500648
0.000000 0.000000 -1.000000
0.866763 0.000006 0.498720
0.000000 0.000000 1.000000
0.328691 -0.565410 0.756488
-0.328691 -0.565410 -0.756488
-0.435059 -0.748382 0.500648
-0.866763 0.000006 -0.498720
-0.655931 0.000004 0.754821
-0.328688 0.565413 -0.756487
-0.435054 0.748386 0.500646
0.435054 0.748386 -0.500646
0.328688 0.565413 0.756487
-0.574966 0.765092 0.289911
-0.435493 -0.197137 0.878341
0.362477 0.578046 0.731077
0.752088 -0.539032 0.379220
0.574967 0.765091 -0.289911
0.435493 -0.197137 -0.878341
-0.362477 0.578046 -0.731077
-0.752088 -0.539032 -0.379220
0.678598 0.000002 -0.734510
0.621876 -0.621876 -0.475963
0.879465 0.000003 0.475964
0.479842 -0.479842 0.734509
0.000001 -0.678598 -0.734510
0.000002 -0.879465 0.475963
-0.621874 -0.621877 -0.475963
-0.479840 -0.479843 0.734509
-0.678597 0.000002 -0.734510
-0.879465 0.000003 0.475964
-0.621873 0.621880 -0.475963
-0.479839 0.479845 0.734509
0.000001 0.678598 -0.734510
0.000002 0.879465 0.475963
0.621874 0.621878 -0.475962
0.479841 0.479844 0.734509
0.678600 0.000000 -0.734508
0.621876 -0.621875 -0.475964
0.879466 0.000000 0.475962
0.479841 -0.479840 0.734511
0.000000 -0.678599 -0.734509
0.000000 -0.879466 0.475962
-0.621871 -0.621881 -0.475963
-0.479838 -0.479845 0.734510
-0.678597 0.000000 -0.734511
-0.879465 0.000000 0.475964
-0.621871 0.621881 -0.475963
-0.479838 0.479845 0.734510
0.000000 0.678599 -0.734509
0.000000 0.879466 0.475962
0.621876 0.621875 -0.475964
0.479841 0.479840 0.734511
0.678599 0.000000 -0.734509
0.621877 -0.621874 -0.475963
0.707109 -0.707105 0.000000
0.000001 -0.678598 -0.734510
0.000002 -1.000000 0.000000
-0.621876 -0.621876 -0.475963
-0.707107 -0.707107 0.000000
-0.678599 0.000000 -0.734509
-1.000000 0.000000 0.000000
-0.621876 0.621876 -0.475963
-0.707107 0.707107 0.000000
0.000001 0.678598 -0.734510
0.000002 1.000000 0.000000
0.621878 0.621874 -0.475963
0.707109 0.707105 0.000000
0.684635 -0.000001 -0.728886
0.649001 -0.593753 -0.475663
1.000000 -0.000002 0.000000
0.737813 -0.675005 0.000000
0.000000 -0.671065 -0.741399
0.000000 -1.000000 0.000000
-0.648999 -0.593755 -0.475662
-0.737811 -0.675007 0.000000
-0.684634 -0.000001 -0.728887
-1.000000 -0.000002 0.000000
-0.648996 0.593757 -0.475664
-0.737808 0.675010 0.000000
0.000000 0.671067 -0.741397
0.000000 1.000000 0.000000
0.648998 0.593755 -0.475664
0.737811 0.675008 0.000000
-0.547045 0.795929 0.259304
-0.462209 -0.021305 0.886515
0.339144 0.681664 0.648318
0.792443 -0.477461 0.379560
0.549718 0.790511 -0.270006
0.457080 -0.050377 -0.887998
-0.341140 0.664453 -0.664925
-0.785913 -0.486129 -0.382124
-0.507541 0.828000 0.238363
-0.447423 0.020727 0.894082
0.323334 0.702508 0.633985
0.815419 -0.414379 0.404206
0.502423 0.823155 -0.264551
0.449024 0.047043 -0.892281
-0.313586 0.705771 -0.635257
-0.817983 -0.403742 -0.409752
-0.438032 0.894508 0.089352
-0.445513 0.150167 0.882592
0.321643 0.787462 0.525785
0.861868 -0.317293 0.395611
0.423935 0.860694 -0.281931
0.454467 0.529148 -0.716563
-0.216184 0.855164 -0.471125
-0.895326 -0.118155 -0.429454
508
1 0 1 2 0 1 2 2
1 2 3 0 2 3 0 2
1 3 2 4 3 2 4 2
1 4 5 3 4 5 3 2
1 4 6 5 4 6 5 2
1 7 5 6 7 5 6 2
1 6 8 7 6 8 7 2
1 7 8 9 7 8 9 2
1 8 10 11 8 10 11 2
1 10 12 11 10 12 11 2
1 10 13 12 10 13 12 2
1 12 13 14 12 13 14 2
1 13 15 14 13 15 14 2
1 14 15 16 14 15 16 2
1 16 17 14 16 17 14 2
1 9 11 18 9 11 18 2
1 18 11 19 18 11 19 2
1 19 20 21 19 20 21 2
1 21 18 19 21 18 19 2
1 21 22 18 21 22 18 2
1 20 23 21 20 23 21 2
1 20 24 23 20 24 23 2
1 23 24 25 23 24 25 2
1 26 18 27 26 18 27 2
1 27 28 26 27 28 26 2
1 27 29 28 27 29 28 2
1 30 29 27 30 29 27 2
1 31 30 27 31 30 27 2
1 32 31 27 32 31 27 2
1 27 33 32 27 33 32 2
1 32 33 34 32 33 34 2
1 33 35 34 33 35 34 2
1 36 35 33 36 35 33 2
1 33 37 36 33 37 36 2
1 22 27 18 22 27 18 2
1 22 38 27 22 38 27 2
1 27 38 39 27 38 39 2
1 39 38 40 39 38 40 2
1 40 38 25 40 38 25 2
1 25 41 40 25 41 40 2
1 41 25 42 41 25 42 2
1 24 14 17 24 14 17 2
1 17 43 24 17 43 24 2
1 43 44 24 43 44 24 2
1 43 45 44 43 45 44 2
1 44 46 24 44 46 24 2
1 47 25 24 47 25 24 2
1 47 42 25 47 42 25 2
1 47 48 42 47 48 42 2
1 48 49 42 48 49 42 2
1 42 49 50 42 49 50 2
1 50 49 51 50 49 51 2
1 51 52 50 51 52 50 2
1 50 52 53 50 52 53 2
1 53 54 50 53 54 50 2
1 50 54 55 50 54 55 2
1 55 54 56 55 54 56 2
1 54 57 56 54 57 56 2
1 58 57 54 58 57 54 2
1 54 59 58 54 59 58 2
1 58 59 60 58 59 60 2
1 60 59 61 60 59 61 2
1 61 59 62 61 59 62 2
1 62 63 61 62 63 61 2
1 63 62 64 63 62 64 2
1 62 65 64 62 65 64 2
1 65 62 66 65 62 66 2
1 65 67 64 65 67 64 2
1 64 67 68 64 67 68 2
1 68 67 69 68 67 69 2
1 69 67 70 69 67 70 2
1 70 67 71 70 67 71 2
1 71 72 70 71 72 70 2
1 73 74 71 73 74 71 2
1 74 75 72 74 75 72 2
1 72 71 74 72 71 74 2
1 9 8 11 9 8 11 2
1 0 76 77 0 76 77 2
1 0 77 1 0 77 1 2
1 1 77 78 1 77 78 2
1 1 78 2 1 78 2 2
1 3 79 76 3 79 76 2
1 3 76 0 3 76 0 2
1 2 78 80 2 78 80 2
1 2 80 4 2 80 4 2
1 5 81 79 5 81 79 2
1 5 79 3 5 79 3 2
1 4 80 82 4 80 82 2
1 4 82 6 4 82 6 2
1 7 83 81 7 83 81 2
1 7 81 5 7 81 5 2
1 6 82 84 6 82 84 2
1 6 84 8 6 84 8 2
1 9 85 83 9 85 83 2
1 9 83 7 9 83 7 2
1 8 84 86 8 84 86 2
1 8 86 10 8 86 10 2
1 12 87 88 12 87 88 2
1 12 88 11 12 88 11 2
1 10 86 89 10 86 89 2
1 10 89 13 10 89 13 2
1 14 90 87 14 90 87 2
1 14 87 12 14 87 12 2
1 13 89 91 13 89 91 2
1 13 91 15 13 91 15 2
1 15 91 92 15 91 92 2
1 15 92 16 15 92 16 2
1 16 92 93 16 92 93 2
1 16 93 17 16 93 17 2
1 18 94 85 18 94 85 2
1 18 85 9 18 85 9 2
1 11 88 95 11 88 95 2
1 11 95 19 11 95 19 2
1 19 95 96 19 95 96 2
1 19 96 20 19 96 20 2
1 21 97 98 21 97 98 2
1 21 98 22 21 98 22 2
1 23 99 97 23 99 97 2
1 23 97 21 23 97 21 2
1 20 96 100 20 96 100 2
1 20 100 24 20 100 24 2
1 25 101 99 25 101 99 2
1 25 99 23 25 99 23 2
1 26 102 94 26 102 94 2
1 26 94 18 26 94 18 2
1 28 103 102 28 103 102 2
1 28 102 26 28 102 26 2
1 29 104 103 29 104 103 2
1 29 103 28 29 103 28 2
1 30 105 104 30 105 104 2
1 30 104 29 30 104 29 2
1 31 106 105 31 106 105 2
1 31 105 30 31 105 30 2
1 32 107 106 32 107 106 2
1 32 106 31 32 106 31 2
1 27 108 109 27 108 109 2
1 27 109 33 27 109 33 2
1 34 110 107 34 110 107 2
1 34 107 32 34 107 32 2
1 35 111 110 35 111 110 2
1 35 110 34 35 110 34 2
1 36 112 111 36 112 111 2
1 36 111 35 36 111 35 2
1 33 109 113 33 109 113 2
1 33 113 37 33 113 37 2
1 37 113 112 37 113 112 2
1 37 112 36 37 112 36 2
1 22 98 114 22 98 114 2
1 22 114 38 22 114 38 2
1 39 115 108 39 115 108 2
1 39 108 27 39 108 27 2
1 40 116 115 40 116 115 2
1 40 115 39 40 115 39 2
1 38 114 101 38 114 101 2
1 38 101 25 38 101 25 2
1 41 117 116 41 117 116 2
1 41 116 40 41 116 40 2
1 42 118 117 42 118 117 2
1 42 117 41 42 117 41 2
1 24 100 90 24 100 90 2
1 24 90 14 24 90 14 2
1 17 93 119 17 93 119 2
1 17 119 43 17 119 43 2
1 43 119 120 43 119 120 2
1 43 120 45 43 120 45 2
1 45 120 121 45 120 121 2
1 45 121 44 45 121 44 2
1 44 121 122 44 121 122 2
1 44 122 46 44 122 46 2
1 46 122 123 46 122 123 2
1 46 123 124 46 123 124 2
1 47 125 126 47 125 126 2
1 47 126 48 47 126 48 2
1 48 126 127 48 126 127 2
1 48 127 49 48 127 49 2
1 50 128 118 50 128 118 2
1 50 118 42 50 118 42 2
1 49 127 129 49 127 129 2
1 49 129 51 49 129 51 2
1 51 129 130 51 129 130 2
1 51 130 52 51 130 52 2
1 52 130 131 52 130 131 2
1 52 131 53 52 131 53 2
1 53 131 132 53 131 132 2
1 53 132 54 53 132 54 2
1 55 133 128 55 133 128 2
1 55 128 50 55 128 50 2
1 56 134 133 56 134 133 2
1 56 133 55 56 133 55 2
1 57 135 134 57 135 134 2
1 57 134 56 57 134 56 2
1 58 136 135 58 136 135 2
1 58 135 57 58 135 57 2
1 54 132 137 54 132 137 2
1 54 137 59 54 137 59 2
1 60 138 136 60 138 136 2
1 60 136 58 60 136 58 2
1 61 139 138 61 139 138 2
1 61 138 60 61 138 60 2
1 59 137 140 59 137 140 2
1 59 140 62 59 140 62 2
1 63 141 139 63 141 139 2
1 63 139 61 63 139 61 2
1 64 142 141 64 142 141 2
1 64 141 63 64 141 63 2
1 62 140 143 62 140 143 2
1 62 143 66 62 143 66 2
1 66 143 144 66 143 144 2
1 66 144 65 66 144 65 2
1 65 144 145 65 144 145 2
1 65 145 67 65 145 67 2
1 68 146 142 68 146 142 2
1 68 142 64 68 142 64 2
1 69 147 146 69 147 146 2
1 69 146 68 69 146 68 2
1 70 148 147 70 148 147 2
1 70 147 69 70 147 69 2
1 67 145 149 67 145 149 2
1 67 149 71 67 149 71 2
1 72 150 148 72 150 148 2
1 72 148 70 72 148 70 2
1 73 151 152 73 151 152 2
1 73 152 74 73 152 74 2
1 71 149 151 71 149 151 2
1 71 151 73 71 151 73 2
1 74 152 153 74 152 153 2
1 74 153 75 74 153 75 2
1 75 153 150 75 153 150 2
1 75 150 72 75 150 72 2
1 46 47 24 46 47 24 2
1 124 47 46 124 47 46 2
1 124 154 47 124 154 47 2
1 78 77 76 155 155 155 2
1 76 79 78 155 155 155 2
1 80 78 79 155 155 155 2
1 79 81 80 155 155 155 2
1 81 82 80 155 155 155 2
1 82 81 83 155 155 155 2
1 83 84 82 155 156 155 2
1 85 84 83 155 156 155 2
1 88 86 84 157 158 156 2
1 88 87 86 157 159 158 2
1 87 89 86 159 155 158 2
1 90 89 87 155 155 159 2
1 90 91 89 155 155 155 2
1 92 91 90 155 155 155 2
1 90 93 92 155 155 155 2
1 94 88 85 155 157 155 2
1 95 88 94 160 157 155 2
1 97 96 95 161 162 160 2
1 95 94 97 160 155 161 2
1 94 98 97 155 163 161 2
1 97 99 96 161 164 162 2
1 99 100 96 164 155 162 2
1 101 100 99 155 155 164 2
1 108 94 102 165 155 155 2
1 102 103 108 155 155 165 2
1 103 104 108 155 155 165 2
1 108 104 105 165 155 155 2
1 108 105 106 165 155 155 2
1 108 106 107 165 155 166 2
1 107 109 108 166 167 165 2
1 110 109 107 168 167 166 2
1 110 111 109 168 169 167 2
1 109 111 112 167 169 170 2
1 112 113 109 170 171 167 2
1 94 108 98 155 165 163 2
1 108 114 98 165 172 163 2
1 115 114 108 173 172 165 2
1 116 114 115 155 172 173 2
1 101 114 116 155 172 155 2
1 116 117 101 155 155 155 2
1 118 101 117 155 155 155 2
1 93 90 100 155 155 155 2
1 100 119 93 155 155 155 2
1 100 121 119 155 155 155 2
1 121 120 119 155 155 155 2
1 100 122 121 155 174 155 2
1 100 101 125 155 155 175 2
1 101 118 125 155 155 175 2
1 118 126 125 155 155 175 2
1 118 127 126 155 155 155 2
1 128 127 118 155 155 155 2
1 129 127 128 155 155 155 2
1 128 130 129 155 155 155 2
1 131 130 128 155 155 155 2
1 128 132 131 155 155 155 2
1 133 132 128 155 155 155 2
1 134 132 133 155 155 155 2
1 134 135 132 155 155 155 2
1 132 135 136 155 155 176 2
1 136 137 132 176 177 155 2
1 138 137 136 178 177 176 2
1 139 137 138 179 177 178 2
1 140 137 139 180 177 179 2
1 139 141 140 179 155 180 2
1 142 140 141 155 180 155 2
1 142 144 140 155 155 180 2
1 143 140 144 155 180 155 2
1 142 145 144 155 155 155 2
1 146 145 142 155 155 155 2
1 147 145 146 155 155 155 2
1 148 145 147 155 155 155 2
1 149 145 148 155 155 155 2
1 148 150 149 155 155 155 2
1 149 152 151 155 155 155 2
1 150 153 152 155 155 155 2
1 152 149 150 155 155 155 2
1 88 84 85 157 156 155 2
1 125 122 100 175 174 155 2
1 155 122 125 181 174 175 2
1 155 123 122 181 182 174 2
1 156 157 158 183 184 185 2
1 157 159 158 184 186 185 2
1 158 159 160 185 186 187 2
1 159 161 160 186 188 187 2
1 160 161 162 187 188 189 2
1 161 163 162 188 190 189 2
1 162 163 156 189 190 183 2
1 163 157 156 190 184 183 2
1 162 156 160 189 183 187 2
1 156 158 160 183 185 187 2
1 157 163 159 184 190 186 2
1 163 161 159 190 188 186 2
1 164 165 166 191 192 193 2
1 167 168 169 194 195 196 2
1 164 167 165 191 194 192 2
1 167 169 165 194 196 192 2
1 165 170 166 192 197 193 2
1 169 168 171 196 195 198 2
1 165 169 171 192 196 198 2
1 165 171 170 192 198 197 2
1 170 172 166 197 199 193 2
1 171 168 173 198 195 200 2
1 170 171 172 197 198 199 2
1 171 173 172 198 200 199 2
1 172 174 166 199 201 193 2
1 173 168 175 200 195 202 2
1 172 173 175 199 200 202 2
1 172 175 174 199 202 201 2
1 174 176 166 201 203 193 2
1 175 168 177 202 195 204 2
1 174 175 176 201 202 203 2
1 175 177 176 202 204 203 2
1 176 164 166 203 191 193 2
1 177 168 167 204 195 194 2
1 176 177 167 203 204 194 2
1 176 167 164 203 194 191 2
1 178 179 180 205 206 207 2
1 179 181 180 206 208 207 2
1 180 181 182 207 208 209 2
1 181 183 182 208 210 209 2
1 182 183 184 209 210 211 2
1 183 185 184 210 212 211 2
1 184 185 178 211 212 205 2
1 185 179 178 212 206 205 2
1 184 178 182 211 205 209 2
1 178 180 182 205 207 209 2
1 179 185 181 206 212 208 2
1 185 183 181 212 210 208 2
1 186 187 188 213 214 193 2
1 189 190 191 215 195 216 2
1 186 189 187 213 215 214 2
1 189 191 187 215 216 214 2
1 187 192 188 214 217 193 2
1 191 190 193 216 195 218 2
1 187 191 193 214 216 218 2
1 187 193 192 214 218 217 2
1 192 194 188 217 219 193 2
1 193 190 195 218 195 220 2
1 192 193 194 217 218 219 2
1 193 195 194 218 220 219 2
1 194 196 188 219 221 193 2
1 195 190 197 220 195 222 2
1 194 195 197 219 220 222 2
1 194 197 196 219 222 221 2
1 196 198 188 221 223 193 2
1 197 190 199 222 195 224 2
1 196 197 198 221 222 223 2
1 197 199 198 222 224 223 2
1 198 200 188 223 225 193 2
1 199 190 201 224 195 226 2
1 198 199 201 223 224 226 2
1 198 201 200 223 226 225 2
1 200 202 188 225 227 193 2
1 201 190 203 226 195 228 2
1 200 201 202 225 226 227 2
1 201 203 202 226 228 227 2
1 202 186 188 227 213 193 2
1 203 190 189 228 195 215 2
1 202 203 189 227 228 215 2
1 202 189 186 227 215 213 2
1 204 205 206 229 230 193 2
1 207 208 209 231 195 232 2
1 204 207 205 229 231 230 2
1 207 209 205 231 232 230 2
1 205 210 206 230 233 193 2
1 209 208 211 232 195 234 2
1 205 209 211 230 232 234 2
1 205 211 210 230 234 233 2
1 210 212 206 233 235 193 2
1 211 208 213 234 195 236 2
1 210 211 212 233 234 235 2
1 211 213 212 234 236 235 2
1 212 214 206 235 237 193 2
1 213 208 215 236 195 238 2
1 212 213 215 235 236 238 2
1 212 215 214 235 238 237 2
1 214 216 206 237 239 193 2
1 215 208 217 238 195 240 2
1 214 215 216 237 238 239 2
1 215 217 216 238 240 239 2
1 216 218 206 239 241 193 2
1 217 208 219 240 195 242 2
1 216 217 219 239 240 242 2
1 216 219 218 239 242 241 2
1 218 220 206 241 243 193 2
1 219 208 221 242 195 244 2
1 218 219 220 241 242 243 2
1 219 221 220 242 244 243 2
1 220 204 206 243 229 193 2
1 221 208 207 244 195 231 2
1 220 221 207 243 244 231 2
1 220 207 204 243 231 229 2
1 222 223 224 245 246 193 2
1 222 225 223 245 155 246 2
1 225 226 223 155 247 246 2
1 223 227 224 246 248 193 2
1 223 226 228 246 247 249 2
1 223 228 227 246 249 248 2
1 227 229 224 248 250 193 2
1 227 228 229 248 249 250 2
1 228 230 229 249 251 250 2
1 229 231 224 250 252 193 2
1 229 230 232 250 251 253 2
1 229 232 231 250 253 252 2
1 231 233 224 252 254 193 2
1 231 232 233 252 253 254 2
1 232 234 233 253 255 254 2
1 233 235 224 254 256 193 2
1 233 234 236 254 255 257 2
1 233 236 235 254 257 256 2
1 235 237 224 256 258 193 2
1 235 236 237 256 257 258 2
1 236 238 237 257 259 258 2
1 237 222 224 258 245 193 2
1 237 238 225 258 259 155 2
1 237 225 222 258 155 245 2
1 239 240 241 260 261 193 2
1 239 242 240 260 262 261 2
1 242 243 240 262 263 261 2
1 240 244 241 261 264 193 2
1 240 243 245 261 263 265 2
1 240 245 244 261 265 264 2
1 244 246 241 264 266 193 2
1 244 245 246 264 265 266 2
1 245 247 246 265 267 266 2
1 246 248 241 266 268 193 2
1 246 247 249 266 267 269 2
1 246 249 248 266 269 268 2
1 248 250 241 268 270 193 2
1 248 249 250 268 269 270 2
1 249 251 250 269 271 270 2
1 250 252 241 270 272 193 2
1 250 251 253 270 271 273 2
1 250 253 252 270 273 272 2
1 252 254 241 272 274 193 2
1 252 253 254 272 273 274 2
1 253 255 254 273 275 274 2
1 254 239 241 274 260 193 2
1 254 255 242 274 275 262 2
1 254 242 239 274 262 260 2
1 256 257 258 276 277 278 2
1 257 259 258 277 279 278 2
1 258 259 260 278 279 280 2
1 259 261 260 279 281 280 2
1 260 261 262 280 281 282 2
1 261 263 262 281 283 282 2
1 262 263 256 282 283 276 2
1 263 257 256 283 277 276 2
1 262 256 260 282 276 280 2
1 256 258 260 276 278 280 2
1 257 263 259 277 283 279 2
1 263 261 259 283 281 279 2
1 264 265 266 284 285 286 2
1 265 267 266 285 287 286 2
1 266 267 268 286 287 288 2
1 267 269 268 287 289 288 2
1 268 269 270 288 289 290 2
1 269 271 270 289 291 290 2
1 270 271 264 290 291 284 2
1 271 265 264 291 285 284 2
1 270 264 268 290 284 288 2
1 264 266 268 284 286 288 2
1 265 271 267 285 291 287 2
1 271 269 267 291 289 287 2
1 272 273 274 292 293 294 2
1 273 275 274 293 295 294 2
1 274 275 276 294 295 296 2
1 275 277 276 295 297 296 2
1 276 277 278 296 297 298 2
1 277 279 278 297 299 298 2
1 278 279 272 298 299 292 2
1 279 273 272 299 293 292 2
1 278 272 276 298 292 296 2
1 272 274 276 292 294 296 2
1 273 279 275 293 299 295 2
1 279 277 275 299 297 295 2

Materials: 2
"Material #26"
0.584314 0.584314 0.584314 1.000000
0.584314 0.584314 0.584314 1.000000
0.898039 0.898039 0.898039 1.000000
0.000000 0.000000 0.000000 1.000000
12.800000
1.000000
"soldier.JPG"
""
"mp44"
0.200000 0.200000 0.200000 1.000000
0.800000 0.800000 0.800000 1.000000
0.000000 0.000000 0.000000 1.000000
0.000000 0.000000 0.000000 1.000000
0.000000
1.000000
"lr300map.jpg"
""

Bones: 25
"rootBone"
""
8 -0.031941 0.424454 -2.875000 -1.580227 1.570415 0.000000
0
0
"bacino"
"rootBone"
8 0.000000 0.000000 53.002357 0.000000 0.000000 0.000000
0
0
"lombare"
"bacino"
8 -0.002166 -0.080103 8.499622 -0.021082 0.000001 -3.141593
0
0
"torace"
"lombare"
8 0.000000 0.000000 11.250763 -0.001332 0.002618 -3.141593
0
0
"tarace1"
"torace"
8 0.000000 0.000000 11.500652 0.000000 0.000000 0.000000
0
0
"collo"
"tarace1"
8 -0.010956 0.172717 4.623528 0.026810 0.315629 -3.141593
0
0
"testa"
"collo"
8 0.000000 0.000000 7.126669 0.000000 0.000000 0.000000
0
0
"spallaS"
"tarace1"
8 1.799258 -10.514191 -1.386878 1.745819 0.001669 0.000000
0
0
"braccioS"
"spallaS"
8 0.000000 0.000000 2.034887 -0.812145 0.145928 -3.141593
0
0
"gomitoS"
"braccioS"
8 0.000000 0.000000 14.946414 0.111189 0.135617 0.000000
0
0
"polsoS"
"gomitoS"
8 0.000000 0.000000 15.000086 -0.259595 0.073143 0.000000
0
0
"manoS"
"polsoS"
8 0.000000 0.000000 3.760233 0.000000 0.000000 0.000000
0
0
"spallaD"
"tarace1"
8 0.857184 11.733228 -1.708210 -2.169273 0.001838 0.000000
0
0
"braccioD"
"spallaD"
8 0.000000 0.000000 1.802336 0.488859 0.064249 -3.141593
0
0
"gomitoD"
"braccioD"
8 0.000000 0.000000 13.757290 -0.236230 0.136446 0.000000
0
0
"polsoD"
"gomitoD"
8 0.000000 0.000000 14.534534 0.259328 0.040982 0.000000
0
0
"manoD"
"polsoD"
8 0.000000 0.000000 4.304555 0.000000 0.000000 0.000000
0
0
"gambaS"
"bacino"
8 0.002475 -6.488911 -1.186248 3.044755 0.164273 0.000000
0
0
"ginocchioS"
"gambaS"
8 0.000000 0.000000 23.702049 0.121052 0.288512 0.000000
0
0
"cavigliaS"
"ginocchioS"
8 0.000000 0.000000 26.630030 -2.891759 1.509292 0.000000
0
0
"piedeS"
"cavigliaS"
8 0.000000 0.000000 9.821717 0.000000 0.000000 0.000000
0
0
"gambaD"
"bacino"
8 -0.002571 6.759189 -0.936298 -3.069533 0.163756 0.000000
0
0
"ginocchioD"
"gambaD"
8 0.000000 0.000000 23.740606 -0.059790 0.287069 0.000000
0
0
"cavigliaD"
"ginocchioD"
8 0.000000 0.000000 26.500427 2.902230 1.549041 0.000000
0
0
"piedeD"
"cavigliaD"
8 0.000000 0.000000 9.280767 0.000000 0.000000 0.000000
0
0
GroupComments: 0
MaterialComments: 0
BoneComments: 0
ModelComment: 0
